100 5 1
 0.06099999999999994 -0.09500000000000064 0.05100000000000104 -0.04300000000001525 0.07099999999999884
-0.001819999999999933
 0.06099999999999994 -0.09500000000000064 0.05100000000000104 -0.04300000000001525 0.07099999999999884
-0.001009999999999955
 0.05100000000000104 -0.04300000000001525 0.07099999999999884 -0.08299999999998864 0.1989999999999936
-0.0009500000000000064
 0.05100000000000104 -0.04300000000001525 0.07099999999999884 -0.08299999999998864 0.1989999999999936
-0.0009099999999999664
 0.03299999999999415 -0.09999999999998899 0.1519999999999966 -0.2329999999999943 0.04899999999998794
-0.001049999999999995
 0.1519999999999966 -0.2329999999999943 0.04899999999998794 -0.1879999999999882 0.1090000000000035
-0.001090000000000035
 0.1519999999999966 -0.2329999999999943 0.04899999999998794 -0.1879999999999882 0.1090000000000035
-0.0009999999999998899
 0.04899999999998794 -0.1879999999999882 0.1090000000000035 -0.2780000000000005 0.09599999999998499
-0.002329999999999943
 0.04899999999998794 -0.1879999999999882 0.1090000000000035 -0.2780000000000005 0.09599999999998499
-0.001179999999999959
 0.1090000000000035 -0.2780000000000005 0.09599999999998499 -0.1639999999999864 0.1059999999999839
-0.001879999999999882
 0.1090000000000035 -0.2780000000000005 0.09599999999998499 -0.1639999999999864 0.1059999999999839
-0.001649999999999929
 0.09599999999998499 -0.1639999999999864 0.1059999999999839 -0.1449999999999951 0.05900000000000905
-0.002780000000000005
 0.09599999999998499 -0.1639999999999864 0.1059999999999839 -0.1449999999999951 0.05900000000000905
-0.002579999999999805
 0.1059999999999839 -0.1449999999999951 0.05900000000000905 -0.2010000000000067 0.09799999999999809
-0.001639999999999864
 0.1059999999999839 -0.1449999999999951 0.05900000000000905 -0.2010000000000067 0.09799999999999809
-0.001499999999999835
 0.05900000000000905 -0.2010000000000067 0.09799999999999809 -0.116000000000005 0.07600000000000939
-0.001449999999999951
 0.09799999999999809 -0.116000000000005 0.07600000000000939 -0.09699999999999154 0.154999999999994
-0.002010000000000067
 0.07600000000000939 -0.09699999999999154 0.154999999999994 -0.05100000000000104 0.1139999999999919
-0.00116000000000005
 0.154999999999994 -0.05100000000000104 0.1139999999999919 -0.0380000000000047 0.04300000000001525
-0.0009699999999999154
 0.2099999999999991 -0.04799999999998139 0.1029999999999864 -0.2040000000000042 0.1400000000000068
-0.00124000000000013
 0.1400000000000068 -0.2040000000000042 0.1800000000000024 -0.04500000000000615 0.158999999999998
-0.002040000000000042
 0.1800000000000024 -0.04500000000000615 0.158999999999998 -0.323999999999991 0.06900000000000794
-0.002040000000000042
 0.1800000000000024 -0.04500000000000615 0.158999999999998 -0.323999999999991 0.06900000000000794
-0.00120000000000009
 0.06900000000000794 -0.0460000000000127 0.04900000000001015 -0.2539999999999987 0.15099999999999
-0.00323999999999991
 0.06900000000000794 -0.0460000000000127 0.04900000000001015 -0.2539999999999987 0.15099999999999
-0.0009399999999999409
 0.15099999999999 -0.08500000000000174 0.3079999999999972 -0.06599999999998829 0.08999999999999009
-0.002539999999999987
 0.15099999999999 -0.08500000000000174 0.3079999999999972 -0.06599999999998829 0.08999999999999009
-0.001299999999999857
 0.09900000000000464 -0.09399999999999409 0.09799999999999809 -0.1759999999999984 0.2319999999999878
-0.001649999999999929
 0.09799999999999809 -0.1759999999999984 0.2319999999999878 -0.1309999999999922 0.1870000000000038
-0.0009399999999999409
 0.2319999999999878 -0.1309999999999922 0.1870000000000038 -0.2950000000000008 0.08299999999998864
-0.001759999999999984
 0.1870000000000038 -0.2950000000000008 0.08299999999998864 -0.1809999999999867 0.2369999999999983
-0.001309999999999922
 0.1870000000000038 -0.2950000000000008 0.08299999999998864 -0.1809999999999867 0.2369999999999983
-0.001249999999999973
 0.08299999999998864 -0.1809999999999867 0.2369999999999983 -0.1170000000000115 0.3009999999999957
-0.002950000000000008
 0.2369999999999983 -0.1170000000000115 0.3009999999999957 -0.1209999999999933 0.3619999999999957
-0.001809999999999867
 0.3009999999999957 -0.1209999999999933 0.3619999999999957 -0.4489999999999883 0.4669999999999952
-0.001170000000000115
 0.3619999999999957 -0.4489999999999883 0.4669999999999952 -0.774000000000008 0.1180000000000181
-0.001209999999999933
 0.4669999999999952 -0.774000000000008 0.1180000000000181 -0.1300000000000079 0.05899999999998684
-0.004489999999999883
 0.1180000000000181 -0.1300000000000079 0.05899999999998684 -0.1419999999999977 0.0320000000000098
-0.00774000000000008
 0.05899999999998684 -0.1419999999999977 0.0320000000000098 -0.04100000000000215 0.04599999999999049
-0.001300000000000079
 0.0320000000000098 -0.04100000000000215 0.04599999999999049 -0.06999999999999229 0.04299999999999304
-0.001419999999999977
 0.1659999999999995 -0.112000000000001 0.2739999999999965 -0.1270000000000104 0.1890000000000169
-0.001109999999999944
 0.2739999999999965 -0.1270000000000104 0.1890000000000169 -0.1310000000000144 0.1030000000000086
-0.00112000000000001
 0.1890000000000169 -0.1310000000000144 0.1030000000000086 -0.1100000000000101 0.1840000000000064
-0.001270000000000104
 0.1030000000000086 -0.1100000000000101 0.1840000000000064 -0.3039999999999932 0.1430000000000042
-0.001310000000000144
 0.1840000000000064 -0.3039999999999932 0.1430000000000042 -0.2310000000000034 0.04599999999999049
-0.001100000000000101
 0.1430000000000042 -0.2310000000000034 0.04599999999999049 -0.07099999999999884 0.06399999999999739
-0.003039999999999932
 0.04599999999999049 -0.07099999999999884 0.06399999999999739 -0.1139999999999919 0.05199999999998539
-0.002310000000000034
 0.05199999999998539 -0.2299999999999969 0.05100000000000104 -0.09900000000000464 0.06099999999999994
-0.001139999999999919
 0.05100000000000104 -0.09900000000000464 0.06099999999999994 -0.1209999999999933 0.0560000000000116
-0.002299999999999969
 0.05100000000000104 -0.09900000000000464 0.06099999999999994 -0.1209999999999933 0.0560000000000116
-0.00228000000000006
 0.05100000000000104 -0.09900000000000464 0.06099999999999994 -0.1209999999999933 0.0560000000000116
-0.0009099999999999664
 0.06099999999999994 -0.1209999999999933 0.0560000000000116 -0.0600000000000156 0.05900000000000905
-0.0009900000000000464
 0.0560000000000116 -0.0600000000000156 0.05900000000000905 -0.0420000000000087 0.0360000000000138
-0.001209999999999933
 0.1030000000000086 -0.0439999999999996 0.05100000000000104 -0.2140000000000031 0.1219999999999999
-0.001030000000000086
 0.1219999999999999 -0.03100000000000325 0.0280000000000058 -0.04900000000001015 0.05500000000000505
-0.002140000000000031
 0.03699999999999815 -0.05100000000000104 0.1229999999999842 -0.1159999999999828 0.1349999999999962
-0.001819999999999933
 0.03699999999999815 -0.05100000000000104 0.1229999999999842 -0.1159999999999828 0.1349999999999962
-0.001709999999999878
 0.03699999999999815 -0.05100000000000104 0.1229999999999842 -0.1159999999999828 0.1349999999999962
-0.001290000000000013
 0.1349999999999962 -0.0360000000000138 0.02699999999999925 -0.07299999999998974 0.05999999999999339
-0.001159999999999828
 0.0380000000000047 -0.05399999999999849 0.0480000000000036 -0.0280000000000058 0.0280000000000058
-0.002480000000000038
 0.1109999999999944 -0.07200000000000539 0.1440000000000108 -0.2399999999999958 0.06099999999999994
-0.001349999999999962
 0.06099999999999994 -0.09000000000001229 0.08799999999999919 -0.1579999999999915 0.0399999999999956
-0.002399999999999958
 0.08799999999999919 -0.1579999999999915 0.0399999999999956 -0.07299999999998974 0.0340000000000007
-0.0009000000000001229
 0.0399999999999956 -0.07299999999998974 0.0340000000000007 -0.05300000000001415 0.1130000000000075
-0.001579999999999915
 0.0399999999999956 -0.07299999999998974 0.0340000000000007 -0.05300000000001415 0.1130000000000075
-0.001570000000000071
 0.112000000000001 -0.08300000000001084 0.1970000000000027 -0.07500000000000284 0.3650000000000153
-0.001360000000000028
 0.09300000000000974 -0.279000000000007 0.1510000000000122 -0.07200000000000539 0.06399999999999739
-0.001440000000000108
 0.1510000000000122 -0.07200000000000539 0.06399999999999739 -0.2080000000000082 0.09500000000000064
-0.00279000000000007
 0.09500000000000064 -0.0299999999999967 0.08000000000001339 -0.0740000000000185 0.06099999999999994
-0.002080000000000082
 0.1070000000000126 -0.03900000000001125 0.06900000000000794 -0.1110000000000166 0.09200000000000319
-0.001740000000000075
 0.09200000000000319 -0.02799999999998359 0.1579999999999915 -0.0420000000000087 0.1580000000000137
-0.001110000000000166
 0.1519999999999966 -0.0259999999999927 0.02100000000000435 -0.0220000000000109 0.07900000000000684
-0.001800000000000024
 0.005999999999994898 -0.008999999999992348 0.04900000000001015 -0.01900000000001345 0.03300000000001635
-0.001390000000000002
 0.0240000000000018 -0.02299999999999525 0.0560000000000116 -0.1020000000000021 0.03099999999998104
-0.001070000000000126
 0.03099999999998104 -0.05299999999999194 -0.01499999999998725 0.05199999999998539 -0.0159999999999938
-0.001020000000000021
 0.04999999999999449 -0.04999999999999449 0.06599999999998829 -0.04199999999998649 0.08900000000000574
-0.001209999999999933
 0.09199999999998099 -0.1179999999999959 0.0560000000000116 -0.0560000000000116 0.0399999999999956
-0.001049999999999995
 0.0560000000000116 -0.0560000000000116 0.0399999999999956 -0.1359999999999806 0.06699999999999484
-0.001179999999999959
 0.06699999999999484 -0.1640000000000086 0.08300000000001084 -0.0220000000000109 0.08700000000001484
-0.001359999999999806
 0.08300000000001084 -0.0220000000000109 0.08700000000001484 -0.1530000000000031 0.09500000000000064
-0.001640000000000086
 0.08300000000001084 -0.0220000000000109 0.08700000000001484 -0.1530000000000031 0.09500000000000064
-0.001260000000000039
 0.09500000000000064 -0.17100000000001 0.08600000000000829 -0.09200000000000319 0.02699999999999925
-0.001530000000000031
 0.08600000000000829 -0.09200000000000319 0.02699999999999925 -0.0320000000000098 0.07700000000001595
-0.0017100000000001
 0.08600000000000829 -0.09200000000000319 0.02699999999999925 -0.0320000000000098 0.07700000000001595
-0.001519999999999966
 0.08600000000000829 -0.09200000000000319 0.02699999999999925 -0.0320000000000098 0.07700000000001595
-0.0009600000000000719
 0.02699999999999925 -0.0320000000000098 0.07700000000001595 -0.1900000000000013 0.3489999999999993
-0.0009200000000000319
 0.3489999999999993 -0.012000000000012 0.0360000000000138 -0.01900000000001345 0.012000000000012
-0.001900000000000013
 0.3489999999999993 -0.012000000000012 0.0360000000000138 -0.01900000000001345 0.012000000000012
-0.001530000000000031
 0.02699999999999925 -0.03100000000000325 0.06500000000000394 -0.05699999999999594 0.0340000000000007
-0.0009099999999999664
 0.04100000000000215 -0.2229999999999954 0.06099999999999994 -0.04699999999999704 0.08500000000000174
-0.0009000000000001229
 0.06099999999999994 -0.04699999999999704 0.08500000000000174 -0.0399999999999956 0.02499999999998614
-0.002229999999999954
 0.06099999999999994 -0.04699999999999704 0.08500000000000174 -0.0399999999999956 0.02499999999998614
-0.001649999999999929
 0.1740000000000075 -0.07800000000000029 0.08200000000000429 -0.04900000000001015 0.02100000000000435
-0.001309999999999922
 0.03699999999999815 -0.0240000000000018 0.02100000000000435 -0.09000000000001229 0.2010000000000067
-0.001249999999999973
 0.2010000000000067 -0.0259999999999927 0.03299999999999415 -0.03899999999998904 0.06199999999998429
-0.0009000000000001229
 0.01700000000000035 -0.04899999999998794 0.03699999999999815 -0.0259999999999927 0.06399999999999739
-0.002269999999999994
 0.0439999999999996 -0.04599999999999049 0.03599999999999159 -0.05100000000000104 0.0380000000000047
-0.002390000000000114
 0.0439999999999996 -0.04599999999999049 0.03599999999999159 -0.05100000000000104 0.0380000000000047
-0.0009900000000000464
 0.02899999999999015 -0.0480000000000036 0.0380000000000047 -0.1149999999999984 0.1719999999999944
-0.001909999999999856
 0.02899999999999015 -0.0480000000000036 0.0380000000000047 -0.1149999999999984 0.1719999999999944
-0.0009099999999999664
